%YAML:1.0
---
camera_matrix: !!opencv-matrix
   rows: 3
   cols: 3
   dt: d
   data: [ 2813.4287071350968, 0., 1515.6813170313528, 0.,
       2747.8203414555378, 1952.4654828475816, 0., 0., 1. ]
distortion_coefficients: !!opencv-matrix
   rows: 1
   cols: 5
   dt: d
   data: [ 0.18850568098871651, -0.73991724618797072,
       -0.016364709409175986, 0.0025145625558309031, 1.3760981056288715 ]
reprojection_error: 0.63697071013158713
