%YAML:1.0
---
camera_matrix: !!opencv-matrix
   rows: 3
   cols: 3
   dt: d
   data: [ 3038.248502423437, 0., 2048.6800329991179, 0.,
       3049.5886788585231, 1501.8827722101619, 0., 0., 1. ]
distortion_coefficients: !!opencv-matrix
   rows: 1
   cols: 5
   dt: d
   data: [ 0.17046182312224414, -0.69286205708434745,
       -0.0059834074266772496, 0.0027923172265777603, 0.9916983456943318 ]
reprojection_error: 0.80798508943173575
