-1.0,-0.0,-0.0,-0.0,0.0,0.7341098809331612,-0.6790306038955561,-6.065171053271665e-08,-0.0,-0.6790306038955561,-0.7341099405378013,4.031128832299765,0.0,0.0,0.0,1.0
-0.998026728216408,-0.0627905187294564,-2.2403794351520024e-09,7.693735249979678e-10,-0.04609513809657048,0.7326612687938819,-0.6790305903771903,-5.0866578458119383e-08,0.042636686944623275,-0.6776906788581658,-0.7341099530419023,4.031128823248799,0.0,0.0,0.0,1.0
-0.9921146799171842,-0.12533323232660085,4.767141602859638e-10,-1.1632183619771804e-08,-0.09199366605551063,0.7282048590973328,-0.6791573576180605,4.724794754248559e-08,0.0851209865078261,-0.673801997941405,-0.7339926316817058,4.031128832388555,0.0,0.0,0.0,1.0
-0.9822872052254042,-0.18738133178079527,9.133366278038212e-09,7.092419673597646e-10,-0.13747059372735357,0.7206459567795503,-0.6795374254019545,1.1025503758995522e-07,0.12733261183341207,-0.667500912719392,-0.7336407916772744,4.031128428996484,0.0,0.0,0.0,1.0
-0.9685830820260168,-0.24868989435123978,9.05494910395774e-09,3.461246676056216e-08,-0.1823032268506802,0.7100240820712209,-0.6801700586693963,-1.0644515924558862e-07,0.1691514155972961,-0.658801207833086,-0.7330543153408202,4.03112848951443,0.0,0.0,0.0,1.0
-0.9510565398740648,-0.3090170240490993,5.361975639600015e-09,-2.6028777945957167e-08,-0.22627250319609918,0.6963950803863742,-0.6810539975184559,-4.831299458876816e-08,0.2104572680267909,-0.6477208627490867,-0.7322331700241611,4.03112883348961,0.0,0.0,0.0,1.0
-0.9297764229913675,-0.36812452954688546,-8.880970812507377e-09,6.187367533662267e-08,-0.2691642602750512,0.6798313248073015,-0.6821876641139991,9.609132146900572e-10,0.2511300523564478,-0.6342821146386628,-0.7311771507504957,4.031129076223144,0.0,0.0,0.0,1.0
-0.9048269809763874,-0.4257792533053724,-2.499577280958892e-09,-1.7607621153467123e-08,-0.31077046583271684,0.6604208254515839,-0.683568640940935,7.723081802735603e-08,0.2910493991426656,-0.6185114274419284,-0.7298862176725627,4.03112885472792,0.0,0.0,0.0,1.0
-0.8763066541179704,-0.4817537375815751,1.2851594038681402e-08,1.4890856981969661e-08,-0.35089029417871725,0.6382669912762984,-0.6851943189648567,4.4096270084206344e-08,0.3300949032198075,-0.60044036301443,-0.7283603354154102,4.031128961816462,0.0,0.0,0.0,1.0
-0.8443278198761686,-0.5358267988309791,-2.761311464518037e-10,4.159030344682166e-08,-0.3893313560327544,0.6134880186470835,-0.6870616441185312,4.11055415991701e-08,0.368146042735287,-0.5801053083210559,-0.7265991958267983,4.031128945453257,0.0,0.0,0.0,1.0
-0.8090169131113796,-0.5877853239792641,4.429715551370737e-09,1.2106528924621646e-07,-0.4259108942452151,0.5862158892483142,-0.6891668039294762,-6.660094984477864e-08,0.4050821287717383,-0.5575475960963977,-0.7246028361450088,4.031129266911676,0.0,0.0,0.0,1.0
-0.7705131496977939,-0.6374239757568085,8.180144435202652e-09,-9.095566329036197e-08,-0.4604565675631427,0.5565963447908683,-0.6915058838416598,9.105852745683252e-08,0.4407824494196478,-0.5328144549973463,-0.7223708253082732,4.031128918526518,0.0,0.0,0.0,1.0
-0.7289685045542238,-0.6845471682508673,-6.984102195295751e-09,-2.409137139658231e-09,-0.49280793410996765,0.5247870079534985,-0.6940741674991419,6.765507721678348e-08,0.4751265627314517,-0.5059582346299372,-0.7199035449951329,4.031128991495058,0.0,0.0,0.0,1.0
-0.6845469871935629,-0.7289686636818878,-5.2539250309505e-09,-4.2612994816924814e-08,-0.5228167297800329,0.49095748471654566,-0.6968668357269981,4.0284833134868744e-08,0.5079940935573102,-0.47703810574059324,-0.7172005852005344,4.031128987699984,0.0,0.0,0.0,1.0
-0.6374238033071127,-0.770513271769773,7.804416111405297e-09,-6.836750338103161e-08,-0.5503484255482346,0.45528767014872706,-0.69987840889188,-1.4886748071282706e-08,0.539265658640075,-0.4461192108778734,-0.7142620167059642,4.0311289296930175,0.0,0.0,0.0,1.0
-0.587785032502749,-0.8090171029893701,1.2470060040783711e-08,-6.451607212429668e-08,-0.5752823870321426,0.4179668901116748,-0.7031030164973406,6.070148230161828e-08,0.5688223884704278,-0.41327342900486896,-0.7110880150197303,4.0311289930449385,0.0,0.0,0.0,1.0
-0.5358266720551524,-0.8443279542046546,-2.1107159971022887e-08,-4.278049259487073e-08,-0.5975129292214163,0.3791931270941202,-0.7065344640525324,3.5118863951429266e-08,0.5965468962812985,-0.37858001424609483,-0.707678673637005,4.0311290670081235,0.0,0.0,0.0,1.0
-0.4817534875150506,-0.8763068034555855,9.004057604368984e-09,5.393222157900906e-08,-0.6169499973736757,0.339170938728237,-0.7101660235067481,4.0640645218919744e-08,0.6223234025709861,-0.34212501570993875,-0.7040343279713727,4.031129345353694,0.0,0.0,0.0,1.0
-0.42577912538371915,-0.9048272550393257,1.808302077971383e-08,8.542703872717299e-08,-0.6335193624726936,0.298111375990072,-0.713990742503199,2.4386626341965202e-08,0.646038187708415,-0.3040023074106891,-0.700155134857105,4.031128839572364,0.0,0.0,0.0,1.0
-0.36812427643237894,-0.9297765815974874,-9.278799990771868e-10,3.379174576816627e-08,-0.6471632935426359,0.2562298479614013,-0.7180013510255436,-2.924540417067132e-09,0.6675808739868356,-0.26431373279411285,-0.6960416986117434,4.031128890167142,0.0,0.0,0.0,1.0
-0.30901673256877005,-0.9510565332346562,2.450887474018307e-09,-1.1026061372495221e-08,-0.6578409368545094,0.21374528601455195,-0.7221899288035465,1.0401208466705007e-07,0.6868435113805934,-0.22316878528304943,-0.6916948456028296,4.031128968011068,0.0,0.0,0.0,1.0
-0.24868961258879624,-0.96858329814617,2.544453662033354e-10,-4.125909053263814e-10,-0.6655281603924971,0.17087839456675719,-0.7265484822387024,6.17208085106673e-08,0.7037227074498482,-0.18068507634340134,-0.687115199994176,4.031128991521905,0.0,0.0,0.0,1.0
-0.18738098745330597,-0.9822873362878924,6.908038479522179e-09,-1.994490497783466e-08,-0.6702183243168179,0.1278507576161138,-0.7310687238076531,-1.2416902148279737e-07,0.7181195061152991,-0.13698839174521069,-0.6823038735046234,4.031128907539325,0.0,0.0,0.0,1.0
-0.12533288705876816,-0.9921147072263417,-2.090356306200182e-09,-8.643011443062894e-09,-0.6719214677761851,0.08488318585120434,-0.7357420704044573,-8.815244091386462e-09,0.7299406012186745,-0.09221268103452364,-0.6772618357558098,4.031128888189075,0.0,0.0,0.0,1.0
-0.0627901476380381,-0.9980267153962585,-1.4940148097283173e-09,-9.965135828600111e-09,-0.670664945084611,0.04219441102122879,-0.7405594661307452,-3.121901708112787e-08,0.7390981187493768,-0.04649983299924595,-0.671990930358776,4.0311289829998,0.0,0.0,0.0,1.0
4.013391993049265e-07,-0.999999999999839,3.966147080811454e-15,-4.9525579214698775e-14,-0.666492461029973,-2.674895559152729e-07,-0.7455117689865401,1.3699037176897798e-08,0.74551176898642,2.992031023240921e-07,-0.6664924610300803,4.031128896001977,0.0,0.0,0.0,1.0
0.06279094201358862,-0.99802661479326,-7.043725019799573e-10,8.810081723625002e-09,-0.6594647405724989,-0.041490288406984446,-0.7505896377795537,9.882275865232685e-09,0.7491085383201794,0.047130236676576204,-0.6607686167747636,4.0311290182099055,0.0,0.0,0.0,1.0
0.1253336874595651,-0.9921146236688617,2.567543680663452e-09,-1.3793493195507463e-08,-0.6496580698254923,-0.08207120653101221,-0.7557835554327497,-2.1539977108365235e-08,0.7498239404072592,0.09472514593960454,-0.6548215821414217,4.031128865880091,0.0,0.0,0.0,1.0
0.18738177481189425,-0.9822871574878604,6.071810210090545e-10,-2.3235380000909936e-08,-0.6371642590041768,-0.1215458911906398,-0.7610837960431306,3.0891620912228254e-08,0.7476027351990245,0.14261321067873906,-0.6486536829214047,4.031128913326076,0.0,0.0,0.0,1.0
0.24869036064852812,-0.9685829629052414,-7.1119239556105825e-09,-1.065507828371563e-08,-0.622089725893746,-0.1597258240336646,-0.7664802446999549,-6.239840922285097e-08,0.7423997904610685,0.19061627416211155,-0.6422679175920722,4.031128937013621,0.0,0.0,0.0,1.0
0.30901750319602705,-0.951056338781629,6.2330984199735376e-09,4.734429286449418e-08,-0.6045553331316738,-0.1964322945023315,-0.7719632076639777,-1.0942169078165119e-07,0.7341805419276183,0.23855015500855145,-0.6356671839520307,4.031128921377205,0.0,0.0,0.0,1.0
0.36812507538331785,-0.9297762447049067,1.2186791288334358e-08,-1.8936680756750845e-08,-0.5846945443795465,-0.2314973350087393,-0.7775224691378355,-4.1892641917657533e-08,0.7229219660265287,0.2862255091346014,-0.6288551636594646,4.031128996395732,0.0,0.0,0.0,1.0
0.42577981724156544,-0.9048267015959698,-9.971905499752924e-09,3.857773916634056e-08,-0.5626534283553881,-0.2647650091459787,-0.7831478973639079,-1.5315366879481287e-07,0.7086132097280428,0.3334485997964367,-0.6218355331034995,4.031128951126627,0.0,0.0,0.0,1.0
0.4817541364516424,-0.8763063515074407,-1.0741601387021091e-08,-8.903903471679373e-08,-0.5385886407713315,-0.2960919802651873,-0.788829290738412,-4.5099675476591114e-08,0.6912561832307327,0.3800218043428818,-0.614612311245036,4.031128848960465,0.0,0.0,0.0,1.0
0.5358273183093833,-0.8443275452224763,-1.7236771576292085e-08,3.99309047439431e-09,-0.5126674482516242,-0.3253490864015614,-0.7945565031189387,-4.249283139903377e-08,0.6708659825947347,0.42574509105387115,-0.6071902544069966,4.031128868211863,0.0,0.0,0.0,1.0
0.5877857849595012,-0.8090165730751766,1.1184739739988459e-08,6.022871868340986e-08,-0.48506537967460645,-0.35242111080816285,-0.8003192856598765,-2.521932664810313e-08,0.6474716260029632,0.4704162867789913,-0.5995741115612456,4.031129003083368,0.0,0.0,0.0,1.0
0.6374245386620478,-0.7705126677659423,5.425201762944668e-09,1.0159327589781762e-07,-0.45596564955589813,-0.3772081869429577,-0.8061076096830202,-8.29874650332736e-09,0.6211161579225204,0.5138327855160226,-0.5917691153956257,4.031129002282503,0.0,0.0,0.0,1.0
0.6845475546666282,-0.7289681634780638,-1.5455014636268127e-08,-1.4764171941409925e-07,-0.42555770062766346,-0.3996257870150453,-0.8119112122793768,1.6381460040431434e-08,0.5918574468436252,0.5557918762788487,-0.5837809727844646,4.031128955559104,0.0,0.0,0.0,1.0
0.7289691656292555,-0.6845465448073352,7.91840618962009e-09,1.314532292887511e-07,-0.3940356782143156,-0.4196060538874456,-0.8177204532879631,4.509137481494289e-08,0.5597676877842535,0.5960929647998371,-0.5756156548034181,4.031128954656266,0.0,0.0,0.0,1.0
0.7705137597377533,-0.6374233896478446,2.1670772116601834e-09,5.219432229278901e-08,-0.36159724042086344,-0.4370966521740807,-0.8235253127533884,-1.214239337231724e-07,0.5249343050281137,0.6345375508730724,-0.5672795365762976,4.03112894071789,0.0,0.0,0.0,1.0
0.8090174574065362,-0.5877846337659944,3.1164493937448616e-09,-4.307896301464545e-09,-0.32844197139573944,-0.4520622938827746,-0.829316289457198,1.9625739486563154e-08,0.48745941135890225,0.6709313634223026,-0.5587794718649238,4.031129077816147,0.0,0.0,0.0,1.0
0.8443284132168011,-0.5358261691255068,-6.150170586782521e-09,-6.349201914239721e-08,-0.2947700050858378,-0.46448401577625464,-0.8350839215212076,-5.9485027275933984e-08,0.4474597999782589,0.7050850534531776,-0.550122583489898,4.031128889573078,0.0,0.0,0.0,1.0
0.8763070493698089,-0.48175289631414997,5.590904601622837e-10,2.3103432527358442e-08,-0.26078073958305376,-0.4743593491108406,-0.8408189975835801,4.8833932207974326e-08,0.40506703504123087,0.7368156689624736,-0.5413164055651061,4.031129060601566,0.0,0.0,0.0,1.0
0.9048273446978359,-0.42577842815681627,6.672691372734118e-09,7.10111875139182e-08,-0.2266711870099015,-0.481701964995629,-0.8465125707008511,-3.066888156232567e-08,0.36042679132644545,0.7659477192849926,-0.5323688395876028,4.031128840289636,0.0,0.0,0.0,1.0
0.9297767957659683,-0.36812369957005786,1.6306831732465598e-08,3.252356669461748e-08,-0.1926347813604317,-0.4865412562753152,-0.852155773212425,4.3782963816169396e-08,0.3136987467060714,0.7923146917462799,-0.5232882515581021,4.031128994634286,0.0,0.0,0.0,1.0
0.9510567591648957,-0.3090161127405674,2.691178645695136e-09,5.338952536747817e-08,-0.15885999553562197,-0.48892231282220877,-0.857740308572672,2.2118049703761525e-08,0.265055588736011,0.8157597577308487,-0.5140831881452919,4.031128957859765,0.0,0.0,0.0,1.0
0.9685833893012564,-0.2486889697307392,1.5879900029904298e-09,4.165638612089675e-09,-0.12552890260349267,-0.4889047304749402,-0.8632580243017978,-3.522213437978894e-08,0.21468277647204018,0.8361375172712957,-0.504762714065074,4.031129019950095,0.0,0.0,0.0,1.0
0.9822874583542016,-0.18738036338779632,-3.3752806870381883e-09,3.2073242751951206e-08,-0.09281625309665428,-0.4865623978252556,-0.8687014789537568,4.0661826489667895e-09,0.16277758891138294,0.8533144932112238,-0.4953360604654523,4.031128848899189,0.0,0.0,0.0,1.0
0.9921148127952665,-0.1253322352193057,-2.5838374863630265e-09,2.4161789390122088e-08,-0.060888004055820885,-0.4819820846410015,-0.8740628686502157,1.0142811122599167e-07,0.10954825338912047,0.867170740050252,-0.4858127896209873,4.0311288657108895,0.0,0.0,0.0,1.0
0.9980267371175857,-0.06278949573432749,-9.085717491880762e-10,9.837461112725756e-09,-0.029900552309338278,-0.47526338867445306,-0.8793353853589717,5.573315598050348e-09,0.0552130312059567,0.8776002542848024,-0.47620301626269573,4.031128887251183,0.0,0.0,0.0,1.0
0.9999999999989161,1.0410971409555593e-06,2.5553732820847283e-14,1.226534997794275e-13,4.856894501193403e-07,-0.4665169287528101,-0.8845123339554769,-2.0388748736969953e-08,-9.208632188952284e-07,0.8845123339545183,-0.46651689895099047,4.031129019015488,0.0,0.0,0.0,1.0
0.9980266538366586,0.06279158289926358,-1.0414810681436026e-09,1.0539169705055066e-09,0.028680982063718805,-0.4558633863600533,-0.8895874643546559,-1.7704741147978365e-08,-0.05585861219130869,0.8878320851891103,-0.45676474787067767,4.031128900192461,0.0,0.0,0.0,1.0
0.9921145855212404,0.12533432211239137,-1.8766983252956367e-09,1.1120828955532057e-08,0.05601909717427447,-0.4434329710822875,-0.8945551676231651,-4.121639809847067e-08,-0.11211846573782858,0.8875012836310828,-0.4469574558611112,4.031128938601138,0.0,0.0,0.0,1.0
0.9822870332193383,0.18738241041185036,-4.2299211327431225e-09,3.2525889159283953e-09,0.08190595234741897,-0.4293634292095301,-0.8994101012276798,-3.87884718757761e-09,-0.16853363089137605,0.8834788635350589,-0.43710593028370626,4.031129007974348,0.0,0.0,0.0,1.0
0.9685828804764814,0.24869101421563444,4.642839300753927e-09,3.932431792665369e-08,0.10624605801851336,-0.4137990839183596,-0.9041471815286038,-3.928765494694756e-09,-0.22485326398489902,0.8757414989210469,-0.42722116496423795,4.031129060082576,0.0,0.0,0.0,1.0
0.9510560798630872,0.3090180709040602,3.2096466407262322e-09,4.704953822410969e-08,0.12895777645587111,-0.39688968432719995,-0.908762081559524,-1.2546456524033647e-08,-0.280823910930264,0.8642837711984128,-0.4173146557419072,4.031129042209907,0.0,0.0,0.0,1.0
0.9297760198099684,0.3681256495302283,-4.164430818209766e-09,4.693392109944295e-08,0.1499736133691017,-0.3787887829842372,-0.9132508080487257,-6.075888974403548e-08,-0.33619106874910987,0.84911874109637,-0.40739789200997173,4.03112902476113,0.0,0.0,0.0,1.0
0.9048264889695607,0.4257803659828798,9.85046855453245e-10,3.2770228853660273e-08,0.16924021492657365,-0.35965262734836984,-0.9176098780670358,-3.002099432525981e-08,-0.39070030947223044,0.8302777969673055,-0.39748238834358784,4.03112932236049,0.0,0.0,0.0,1.0
0.8763060263031246,0.48175470385185,-2.508927916370547e-09,-3.3373647768987465e-08,0.18671844478921593,-0.33963863640581987,-0.9218360789840031,-5.39371707481204e-09,-0.4440988865583987,0.8078106071969005,-0.3875799089431484,4.0311289057857005,0.0,0.0,0.0,1.0
0.8443271906164177,0.5358278445616342,3.4797602426947404e-09,8.857711380441665e-09,0.20238344343725406,-0.31890435233119857,-0.9259271091513317,-6.934870474763594e-08,-0.49613754174572167,0.7817854006751606,-0.37770233372525697,4.031128531692871,0.0,0.0,0.0,1.0
0.8090161969474923,0.5877862584435233,3.912083662715035e-09,-6.703706266716507e-08,0.216223872177842,-0.29760582932886614,-0.92988058175501,-2.9696742227833633e-08,-0.5465710901044815,0.7522885466778532,-0.36786142065320915,4.0311289878936245,0.0,0.0,0.0,1.0
0.7705123368899002,0.6374249536860075,1.1644622944033506e-09,-5.6956401949322435e-08,0.22824219793359954,-0.27589667779040317,-0.9336951083877459,-2.0814924325371633e-08,-0.5951606031323924,0.7194236413887397,-0.3580690874878459,4.031128982295045,0.0,0.0,0.0,1.0
0.7289676144577361,0.6845480471775388,2.740127988008148e-10,1.0986158204473646e-07,0.2384536355880408,-0.25392665425637956,-0.9373692839128084,-4.112475217391786e-08,-0.641674333661127,0.6833119414050719,-0.3483373187260635,4.031128781657183,0.0,0.0,0.0,1.0
0.6845461153273477,0.7289694875386666,-4.774009780849787e-09,-1.0122701442139558e-07,0.24688586908582724,-0.23184066497514638,-0.940902320213736,-6.187752991147235e-08,-0.6858892518679209,0.644091158153415,-0.33867796871434613,4.031129309305052,0.0,0.0,0.0,1.0
0.6374230769268133,0.7705140162742476,-1.2682074112883574e-08,1.541450255117618e-07,0.2535782927544024,-0.209777703641888,-0.9442941290991544,-5.387077276857333e-09,-0.727591886226222,0.6019148505257635,-0.3291027753484021,4.031128919066846,0.0,0.0,0.0,1.0
0.5877843109447463,0.8090176700569705,1.9839676502772476e-09,-2.2090504130618003e-09,0.2585811453841002,-0.18786975648045162,-0.9475445255694492,1.7103636776987758e-08,-0.7665803214842638,0.5569518926294089,-0.3196236536408964,4.031128953324999,0.0,0.0,0.0,1.0
0.5358257080009412,0.8443285373576871,-1.6040929720706674e-09,1.626707642732193e-08,0.2619547972020671,-0.16624111622232748,-0.9506543018628546,8.413374882612001e-08,-0.8026646653673372,0.50938509753634,-0.31025224882025676,4.0311291919276195,0.0,0.0,0.0,1.0
0.48175254484020363,0.8763072007822854,1.1691721801199528e-08,9.429220157194335e-09,0.26376861171799826,-0.1450075692653991,-0.9536242090110355,5.9414707438698006e-08,-0.8356677745684741,0.4594108708215749,-0.3010001032003297,4.031128872910128,0.0,0.0,0.0,1.0
0.425778163995057,0.9048275496366215,5.634880323812243e-09,-5.837660887106339e-08,0.26409994019029054,-0.12427560052746668,-0.9564553635431824,1.2633695393018235e-08,-0.8654271647148749,0.40723783572541555,-0.29187877982550187,4.0311289608036525,0.0,0.0,0.0,1.0
0.36812332655170593,0.9297768944348761,4.4463066032969375e-09,-4.5239037335108986e-08,0.26303330265347485,-0.10414186015802464,-0.9591496016287709,-4.90928919761807e-09,-0.8917951217288684,0.35308533907985534,-0.2828993270357581,4.031128500015927,0.0,0.0,0.0,1.0
0.3090157523526164,0.9510568829355315,-3.7157385763426897e-09,1.9465921164916244e-08,0.26065916238296777,-0.08469291578726285,-0.9617087958523998,-1.9343792895580072e-08,-0.9146398827403257,0.29718317920007276,-0.2740731356252219,4.031128875343778,0.0,0.0,0.0,1.0
0.2486885989228072,0.9685835243781481,-5.24687106620828e-09,-2.5091767769076176e-08,0.25707267304694564,-0.06600467960187728,-0.9641353391770576,-5.028109527348648e-08,-0.9338456400004065,0.23976946989340464,-0.26541097278865916,4.031128961321295,0.0,0.0,0.0,1.0
0.1873799841946847,0.9822874797001466,-2.773413821262497e-09,-9.49616429100534e-09,0.2523727932569241,-0.04814233773941677,-0.9664317208063748,2.1086573871596954e-08,-0.9493138002965777,0.18108997122661544,-0.25692355486881263,4.031128834473329,0.0,0.0,0.0,1.0
0.1253318373429242,0.9921147909098817,2.2691848550951826e-10,2.3347499036365763e-09,0.2466608926786548,-0.031160168535917156,-0.9686008547065178,1.4651208167058239e-08,-0.9609632215172431,0.12139652789753493,-0.24862128539323203,4.031128836399658,0.0,0.0,0.0,1.0
0.0627891043750266,0.9980268471247806,-6.796536412198549e-10,-4.195113108930361e-09,0.24003990146827978,-0.015101688493371629,-0.9706456251625762,-4.7057108467989545e-08,-0.9687303203312277,0.060945961529386986,-0.2405144573321731,4.031129043935092,0.0,0.0,0.0,1.0
-1.442436252529788e-06,0.9999999999979193,-2.031074223479677e-14,-4.248565764467677e-14,0.23261301180930818,3.3552942779167265e-07,-0.9725695344249705,5.1929354089558496e-09,-0.972569474818287,-1.402869535357993e-06,-0.23261301180979213,4.031129243403795,0.0,0.0,0.0,1.0
-0.06279198345747194,0.9980266037908696,6.039836528702608e-10,5.756257982341875e-09,0.22448266638916853,0.014123582689168478,-0.9743757277801715,-4.8443457839767386e-08,-0.9724529784762304,-0.06118298282195263,-0.22492654414717947,4.03112903418809,0.0,0.0,0.0,1.0
-0.1253347116909477,0.9921144835962401,1.3753872740434654e-09,5.157003835116599e-09,0.21574964695811943,0.02725584924406718,-0.9760683494257795,-3.467248317365447e-08,-0.9683714922617895,-0.12233524325450051,-0.21746444742100685,4.031129010354168,0.0,0.0,0.0,1.0
-0.18738280790208248,0.9822869402487611,7.765589944106152e-10,-1.9646784831395238e-08,0.20651186975440852,0.03939457242144355,-0.9776506596970553,4.2086666253247e-09,-0.9603335726254305,-0.1831949442931646,-0.21023579328015235,4.03112889145044,0.0,0.0,0.0,1.0
-0.24869140750090332,0.9685827954049921,2.1309246867702666e-09,1.2902553395424568e-08,0.19686378879245406,0.050546361603672534,-0.979127043504999,-3.111030085476595e-08,-0.948365671045165,-0.24350049701829668,-0.20324934518381227,4.031129279127969,0.0,0.0,0.0,1.0
-0.3090185082221393,0.951056050303456,-1.2956170828843715e-09,3.650541508656674e-08,0.18689529618046385,0.060726290041103435,-0.9805011448320647,1.3880474219181829e-08,-0.9325115694178787,-0.3029930083230954,-0.19651345996167618,4.031129021107657,0.0,0.0,0.0,1.0
-0.36812601456176514,0.9297758410973717,-2.8894382662658766e-09,2.395522684668216e-08,0.17669109814855505,0.06995728204212566,-0.9817770876597431,3.188213610178817e-08,-0.9128326528784694,-0.361417705950248,-0.19003622110888796,4.0311288574921,0.0,0.0,0.0,1.0
-0.4257807702495665,0.9048263688664467,5.169484431430439e-09,1.7422760918337203e-09,0.16633010702661713,0.07826934907111346,-0.9829589543069915,-1.7943730417477203e-08,-0.8894071486242858,-0.418525018566222,-0.18382545271074513,4.031129000234973,0.0,0.0,0.0,1.0
-0.48175513294450745,0.8763058918216117,-7.902126615751674e-09,1.4594432113238755e-08,0.1558846722826876,0.08569864885637316,-0.9840506983135032,-7.219366783276213e-09,-0.8623294124577771,-0.4740714522163421,-0.17788842553400766,4.031128826608816,0.0,0.0,0.0,1.0
-0.5358282521259843,0.8443270408586583,-6.116695394022655e-09,-3.250321460777846e-08,0.1454202983794861,0.09228687066140419,-0.9850563554568619,-5.2977563856086064e-08,-0.8317097221491829,-0.5278210529185837,-0.1722322140489081,4.031129083362789,0.0,0.0,0.0,1.0
-0.5877865985307386,0.809015928444799,3.233507112920186e-09,-4.4164059698588074e-08,0.13499522155453036,0.0980801214734155,-0.9859801106798167,-1.864535267607136e-08,-0.7976735472168729,-0.5795458350765273,-0.1668634506908971,4.031128475925431,0.0,0.0,0.0,1.0
-0.6374252608815569,0.7705120746264194,-1.1442286493589508e-09,9.883845561902912e-08,0.12465997655947844,0.10312805049478649,-0.9868255253532747,2.700621195224199e-09,-0.7603610041065,-0.6290275166137969,-0.16178843396865258,4.031128871288343,0.0,0.0,0.0,1.0
-0.68454837150471,0.7289673876578361,-4.088889275906571e-10,6.459797373204058e-08,0.11445745788469555,0.10748309311813888,-0.9875965784168442,-2.528632702426157e-08,-0.7199257016642007,-0.6760576607255002,-0.15701314123961854,4.031129026051189,0.0,0.0,0.0,1.0
-0.7289698279438034,0.6845458565686702,-7.0195908961333215e-09,-1.0562333872194553e-07,0.1044226731398061,0.1111992322762733,-0.9882968025745033,2.0997291350816426e-08,-0.6765345492364212,-0.7204386525646997,-0.1525430219779509,4.031129338985774,0.0,0.0,0.0,1.0
-0.7705142966756494,0.6374225912576047,6.577271625399658e-10,-6.213485791983752e-08,0.09458284296662381,0.11433143934514091,-0.9889299343897546,-5.693042597099032e-09,-0.6303663223679414,-0.7619847240781399,-0.14838326010794176,4.031128902136954,0.0,0.0,0.0,1.0
-0.8090180212986683,0.5877837896692778,1.156500660521587e-09,-9.38618522964988e-08,0.08495750563550446,0.1169344047206184,-0.989499271791107,1.1616375655363523e-09,-0.5816115125642867,-0.8005226017667095,-0.1445386597201097,4.031128382275528,0.0,0.0,0.0,1.0
-0.844328878994396,0.5358252364965415,-5.477707969221485e-09,1.1359018528469433e-07,0.07555866445740306,0.11906188960134113,-0.9900076075560263,-2.7351458365327972e-08,-0.5304711579800548,-0.8358922024584399,-0.14101365944893002,4.031129409174697,0.0,0.0,0.0,1.0
-0.876307543525621,0.4817520241484979,-3.1189566780657538e-09,-1.4965196928204255e-08,0.06639132162783536,0.12076588843003923,-0.9904583810650501,-3.186493207997834e-08,-0.47715536875218373,-0.8679462065061772,-0.1378122213160495,4.03112900223891,0.0,0.0,0.0,1.0
-0.9048278369753046,0.4257775458814038,-1.962836608226056e-09,-8.62767546097971e-09,0.057453577169729736,0.12209566937839735,-0.9908540609227304,-2.9423713701692232e-08,-0.42188343901630665,-0.8965523719121029,-0.1349380118179286,4.031129019478519,0.0,0.0,0.0,1.0
-0.9297772048932407,0.36812274643616777,2.286185960828762e-09,-1.30701609355181e-08,0.04873734475928539,0.12309718717386915,-0.9911972155284912,1.1528384754996545e-08,-0.36488220114662645,-0.9215925248451763,-0.13239428335385509,4.031128931480128,0.0,0.0,0.0,1.0
-0.9510570557261037,0.30901511262270315,-1.1799454588666502e-09,2.903926299784765e-08,0.0402287950966461,0.12381233781048409,-0.9914898994658493,-1.773614142990221e-08,-0.30638534775101256,-0.9429635186636155,-0.13018391506670657,4.031128869329396,0.0,0.0,0.0,1.0
-0.9685835967439469,0.24868796963456075,2.410546698129397e-09,-2.302727468482481e-08,0.03190900082100728,0.12427838168979616,-0.9917342297740549,-2.4753758216670155e-08,-0.2466323844580028,-0.9605775517504228,-0.1283093956290217,4.031128914124534,0.0,0.0,0.0,1.0
-0.982287552328654,0.18737932172632615,2.4614073456484903e-10,1.7540905655948092e-08,0.023754599090730227,0.12452733563364103,-0.9919317080055535,-2.646084207397917e-09,-0.18586751418608882,-0.9743623217566207,-0.1267727879635015,4.031128974208993,0.0,0.0,0.0,1.0
-0.9921149495617484,0.12533122221668125,1.279483455765895e-09,1.2412810652257034e-08,0.015738581744821758,0.1245857340345672,-0.9920840644373865,1.6721191488708476e-08,-0.12433910167845073,-0.9842613840923254,-0.12557589482978251,4.03112886172471,0.0,0.0,0.0,1.0
-0.998026868258259,0.06278846179353256,1.1354291145491232e-09,7.519241637133743e-09,0.007830977260736408,0.12447393082285527,-0.9921920433463265,1.2014106626895541e-08,-0.062298199008769733,-0.9902341674550589,-0.12471999625874729,4.031128415087859,0.0,0.0,0.0,1.0
-0.9999999999956645,-2.082194011326898e-06,-6.87157647213772e-15,-4.3780246796496983e-13,-2.586211901302777e-07,0.12420609784892946,-0.9922564183558389,6.129677958814328e-09,2.0660705770042927e-06,-0.9922564183515368,-0.12420610530004822,4.031128890669617,0.0,0.0,0.0,1.0
-0.9980265832191751,-0.06279261703765394,-1.6893268303702482e-19,-1.1444450294428961e-08,-0.007788465912929064,0.12378996186862379,-0.9922778927858561,9.926454633508589e-09,0.06230772730343251,-0.9903196949489903,-0.12403473659823201,4.031128860030903,0.0,0.0,0.0,1.0
-0.9921144455383957,-0.12533534562276116,-8.148857181378929e-10,4.847780225509679e-09,-0.015567413726034134,0.1232266672667836,-0.9922564181691138,-1.1806974631487712e-08,0.12436479733530507,-0.9844319532222477,-0.12420610679175514,4.031129033961766,0.0,0.0,0.0,1.0
-0.982286766102819,-0.18738340740460668,-8.957154336938981e-10,4.411472999946247e-09,-0.023370460881177394,0.12251082454161104,-0.9921919824424795,1.0863903384783206e-08,0.18592033454274726,-0.9746171347259879,-0.12472002149548819,4.031128905864899,0.0,0.0,0.0,1.0
-0.9685825997872536,-0.2486920078128826,6.53897637146884e-10,-1.0836388035372097e-08,-0.031229725490118175,0.12163064001887161,-0.9920840641955894,1.182877601753714e-08,0.24672337546446976,-0.9609153328887062,-0.12557589674004624,4.031128900376131,0.0,0.0,0.0,1.0
-0.9510558779192041,-0.30901914668624575,3.8273871056536586e-10,3.731936108746067e-08,-0.0391752197510864,0.12056800488752492,-0.9919317658366678,8.001599750284319e-09,0.30652588122449226,-0.943382428495569,-0.12677278693926305,4.031128417068379,0.0,0.0,0.0,1.0
-0.9297756193455683,-0.3681266105688588,2.161246788607379e-09,-2.7557360133192628e-08,-0.04723410548863884,0.11929894995433137,-0.9917342301248796,-2.851463826259683e-08,0.36508375615016664,-0.922090341900618,-0.12830939291741258,4.031128943193282,0.0,0.0,0.0,1.0
-0.9048260538859548,-0.42578135023002367,-3.1758490837627524e-09,9.348377213434579e-08,-0.05542988129069768,0.11779380426086229,-0.9914898975621412,-3.622175940630236e-08,0.4221579208588649,-0.8971259294375599,-0.130183929565482,4.031129010117167,0.0,0.0,0.0,1.0
-0.876305533543674,-0.4817556222799642,-5.588287816906854e-09,-2.9324192581437822e-08,-0.06378168023378226,0.11601783447161707,-0.9911971003134467,8.105134937518273e-09,0.47751483372593917,-0.8685915655297374,-0.1323942534500683,4.031128957108989,0.0,0.0,0.0,1.0
-0.8443266348129616,-0.5358287311928649,-2.113948531104046e-09,9.199355476479454e-08,-0.07230366312055696,0.11393176194778365,-0.9908540595102799,-2.4651618670031505e-08,0.53092809105102,-0.8366045407707423,-0.13493802218959813,4.031128984436874,0.0,0.0,0.0,1.0
-0.809015513786761,-0.5877871250447443,3.8171599239655955e-10,-2.4870682640061696e-09,-0.0810042578932411,0.1114922323874881,-0.9904583808320568,-3.796450756832472e-08,0.582178733799248,-0.8012963246441437,-0.13781222299057597,4.031129046076648,0.0,0.0,0.0,1.0
-0.7705117141817407,-0.6374257961400537,-2.7200243179035914e-10,3.69178962617161e-08,-0.08988572933855402,0.10865265565706594,-0.9900076074989079,4.1410166924473146e-10,0.631056507820961,-0.7628125838103639,-0.14101365984993852,4.031129214242337,0.0,0.0,0.0,1.0
-0.7289670246513509,-0.6845488447435426,7.4281608728654e-10,7.781817850917702e-08,-0.09894378286771494,0.10536393337469109,-0.9894992129148381,-2.8451413384573853e-08,0.6773604793068454,-0.721312267873911,-0.14453866963479825,4.031129000591578,0.0,0.0,0.0,1.0
-0.6845452799007026,-0.7289702808049954,3.403249851783688e-09,2.03105175664603e-08,-0.10816700756206299,0.10157506888845835,-0.9889299935822691,-2.2263054498891818e-08,0.7209005890951855,-0.6769673683321686,-0.14838326285469294,4.0311290125711094,0.0,0.0,0.0,1.0
-0.637422093776316,-0.7705148929977076,2.7268443672388156e-09,1.6671438815886037e-07,-0.11753663399995107,0.09723426547742442,-0.9882968044491081,2.7373962008460528e-08,0.761497436292584,-0.6299622624966615,-0.15254300983274513,4.0311292976725355,0.0,0.0,0.0,1.0
-0.5877832256336002,-0.8090184469113408,1.1244986810877104e-09,4.000434408290187e-08,-0.12702651932623799,0.09228966895589497,-0.9875965220306041,-2.919634360137916e-08,0.7989838327086201,-0.5804926503810789,-0.15701312099615633,4.0311290506448065,0.0,0.0,0.0,1.0
-0.5358246754533286,-0.844329217848371,3.0846359843908816e-09,9.896305965419289e-09,-0.13660274184252152,0.08669025885762541,-0.9868255799626566,-1.614644501553037e-08,0.8332056410885852,-0.5287654679059982,-0.16178846443722292,4.031128986245645,0.0,0.0,0.0,1.0
-0.481751438559903,-0.8763078027360094,-8.218562263484663e-09,9.429763103557058e-09,-0.14622375851473385,0.08038672453062609,-0.9859801189483118,4.052516044356654e-08,0.8640220485922319,-0.4749973305534406,-0.16686343163548303,4.031128846264508,0.0,0.0,0.0,1.0
-0.42577699859250884,-0.904828122542576,1.7669798801641543e-09,-2.53420941077943e-08,-0.15584053499434036,0.0733325103370085,-0.9850563567191593,-3.5036462019331176e-08,0.8913067372050616,-0.41941437458430963,-0.17223220682938703,4.031128980751326,0.0,0.0,0.0,1.0
-0.36812216053294344,-0.9297774344385369,9.473032158344852e-10,-2.2229211372336352e-08,-0.16539663313778863,0.06548465738316768,-0.9840507004880396,-3.4857825716869e-08,0.914948169506363,-0.3622508511334522,-0.17788842840597854,4.031129317175636,0.0,0.0,0.0,1.0
-0.3090145416752002,-0.9510572367219957,2.3446348824009904e-09,-4.614866424703107e-08,-0.17482854769901554,0.056804741259330375,-0.9829590140483413,-3.435637003810436e-09,0.9348502769539744,-0.3037486298593436,-0.18382545197980377,4.031128922656702,0.0,0.0,0.0,1.0
-0.24868734677451848,-0.9685838057973919,-1.28826615335709e-09,-2.147592983307987e-09,-0.18406600835976666,0.047259606182030796,-0.9817770895972906,1.0479756477126008e-08,0.9509333822573508,-0.2441555278240166,-0.19003621109900834,4.0311289680624185,0.0,0.0,0.0,1.0
-0.18737869130974522,-0.9822876727617549,-1.4976020070668593e-10,1.4039792925941251e-08,-0.193032741747942,0.03682243337549532,-0.9805011508918505,2.3022875417871085e-08,0.9631342716223235,-0.1837250366302033,-0.1965134297264563,4.031128975491769,0.0,0.0,0.0,1.0
-0.12533057450175264,-0.9921149931203473,-1.89666669703036e-09,-3.081882369288434e-09,-0.20164669572757038,0.025473354967291546,-0.9791270491900931,-1.3086324809041443e-08,0.9714066989551768,-0.12271456126846718,-0.20324931779661182,4.031129192299811,0.0,0.0,0.0,1.0
-0.06278782059767277,-0.9980268287616357,1.768761544454648e-10,4.565808495017426e-09,-0.20982095964356073,0.013200247441777157,-0.977650660539736,1.2165984160086455e-08,0.9757216959287903,-0.06138456254537369,-0.21023578936146944,4.031128854446857,0.0,0.0,0.0,1.0
2.721952131421732e-06,-0.9999999999925909,-3.111381683192976e-14,-2.3993963504438277e-14,-0.21746445218773472,-5.919278254328599e-07,-0.9760682887587571,-3.882987083776446e-08,0.9760682887515253,2.6568111423373577e-06,-0.21746445218934593,4.031129029014212,0.0,0.0,0.0,1.0
0.0627932578693891,-0.998026503054545,3.135541785514019e-10,-8.671255432686312e-11,-0.2244826449520995,-0.01412386784213629,-0.9743757313072836,-4.894430671301333e-08,0.9724528853514197,0.061184222229465984,-0.22492652886782263,4.031129036357754,0.0,0.0,0.0,1.0
0.12533598101888954,-0.9921143420426349,-1.0769040310396393e-09,-1.00688084455004e-08,-0.23077867917939046,-0.02915477848360261,-0.9725694816759478,4.167286619387049e-08,0.964900075100876,0.12189795022836677,-0.23261298314594422,4.031129090878924,0.0,0.0,0.0,1.0
0.18738358770032612,-0.9822868253351907,-1.8804374704320723e-09,-8.498083842622688e-09,-0.23625422167775612,-0.045068467481169175,-0.9706456772058351,-3.381897234031187e-08,0.9534523732681832,0.18188304519735266,-0.2405144878477465,4.031128990509867,0.0,0.0,0.0,1.0
0.24869212409023153,-0.9685825393239967,-2.304249273693381e-09,-2.3901917989459335e-08,-0.24081023944685742,-0.061830154612791115,-0.9686008016664449,1.4030366425275394e-08,0.938169789302184,0.24088337463907908,-0.24862125981836863,4.031128838818384,0.0,0.0,0.0,1.0
0.3090192443824395,-0.9510557381537017,2.410085419402761e-09,2.920402388599079e-08,-0.24434863823637087,-0.07939433464555581,-0.9664317150749429,-3.204147151300169e-08,0.9191305170642087,0.29864602041926197,-0.2569235764279009,4.031129034317321,0.0,0.0,0.0,1.0
0.3681267841875872,-0.9297755990159476,-2.2529271192544857e-09,6.915749432339754e-09,-0.2467726301082379,-0.09770488089577176,-0.9641353453097214,-6.510859992768231e-08,0.8964295521910979,0.3549240855456515,-0.26541095051106234,4.031129015183887,0.0,0.0,0.0,1.0
0.4257814817246513,-0.9048259814935736,-1.1134647956882055e-09,6.164531098994554e-09,-0.24798850879392795,-0.11669526666431143,-0.9617087893786758,-1.3866582063653085e-08,0.8701791853912269,0.4094778424589197,-0.2740731583411934,4.03112885612452,0.0,0.0,0.0,1.0
0.4817558593773547,-0.8763055164752492,2.6981083222790284e-09,7.927330977175114e-08,-0.24790626014146488,-0.13628842547123746,-0.9591495898029078,-1.1538784655432924e-08,0.8405080062001415,0.46207588805962146,-0.28289936713047953,4.031128522492748,0.0,0.0,0.0,1.0
0.5358288963216984,-0.8443265357483664,-9.555033496142201e-09,-5.840467087279542e-10,-0.24644098799135414,-0.1563970777972927,-0.9564553705239814,-2.090483909062664e-08,0.8075606833976263,0.5124964481630969,-0.2918787569501724,4.031129070705834,0.0,0.0,0.0,1.0
0.5877872145831518,-0.8090154650320828,9.896492132674557e-09,2.128519340635726e-09,-0.24351376065343983,-0.1769240263361799,-0.9536241523161313,2.46067020525772e-08,0.7714967573996871,0.5605280677240818,-0.30100009398170496,4.031128983188329,0.0,0.0,0.0,1.0
0.6374258933372886,-0.7705115947584515,6.085425933905975e-10,7.318650782348466e-09,-0.23905291501112055,-0.19776278055110377,-0.9506542499707077,5.7593508288646476e-08,0.7324902697431083,0.6059717467335062,-0.3102522251881316,4.031129273250468,0.0,0.0,0.0,1.0
0.684548953304599,-0.7289668180234644,6.165328873568191e-09,-2.5821698616885527e-08,-0.2329950104035146,-0.21879801540613464,-0.9475445377865519,5.906431154403172e-08,0.6907285901067791,0.6486406916521719,-0.3196236174225152,4.031128828929899,0.0,0.0,0.0,1.0
0.7289703786567718,-0.6845452314350838,-1.596187141955255e-09,-1.2997007309832707e-07,-0.2252857113178632,-0.23990616317239905,-0.9442940638371408,-2.3402230500250112e-08,0.6464120319668364,0.6883624776310503,-0.32910279158108924,4.031128970757711,0.0,0.0,0.0,1.0
0.7705148912474699,-0.6374220238419857,-1.969620487467189e-08,6.054617410853347e-08,-0.21588079392092138,-0.2609563774892205,-0.9409024579842875,-2.1198445966725898e-08,0.599751954826591,0.7249793257760586,-0.3386779171481477,4.031129196291905,0.0,0.0,0.0,1.0
0.8090184862932037,-0.5877830669550759,2.6744121995406523e-10,9.996016128503601e-08,-0.20474677034068092,-0.28181132060071695,-0.9373693141897841,3.683947013253898e-08,0.5509698754830908,0.7583491938004556,-0.3483372968559261,4.031129261630957,0.0,0.0,0.0,1.0
0.8443292723904091,-0.5358245551905765,1.23002530387808e-08,2.470254440702541e-09,-0.1918622326370092,-0.3023282476745385,-0.9336950927531629,-2.387760150303606e-08,0.5002968388323399,0.7883461461969539,-0.3580691282563271,4.031128990281232,0.0,0.0,0.0,1.0
0.8763078999747387,-0.48175130227272644,6.060389380834294e-09,-2.6722158181091753e-08,-0.1772177175232821,-0.32235988809539257,-0.929880649583256,-2.327807093577623e-08,0.4479712695154747,0.814861828873431,-0.36786139986557026,4.03112897166849,0.0,0.0,0.0,1.0
0.9048281357792992,-0.4257768363378031,7.596427934144464e-09,-6.179221896411426e-08,-0.16081691554476352,-0.34175571459534415,-0.9259271375294911,-5.516661210146337e-08,0.39423832204063247,0.8378048976593055,-0.3777022641569661,4.031128496925854,0.0,0.0,0.0,1.0
0.9297774704491857,-0.3681220084413738,9.762822937846287e-09,-5.8316762605724486e-08,-0.14267669733180993,-0.36036307364267567,-0.9218360752870319,-1.4977130625092618e-08,0.3393481872222877,0.8571024604495743,-0.3875799177361778,4.031128928579287,0.0,0.0,0.0,1.0
0.95105735346523,-0.3090143909894717,-9.752787817067318e-09,4.425237379486086e-08,-0.12282777370420161,-0.37802853428226624,-0.9176098201073521,4.3172073366976877e-08,0.28355464638809713,0.8726996474896874,-0.3974823845460945,4.0311291533902756,0.0,0.0,0.0,1.0
0.9685838919495441,-0.24868719004420115,-1.7305138630017666e-09,1.20091142414543e-08,-0.10131461474575801,-0.39459896368719705,-0.9132507918582892,6.125921006386033e-08,0.22711374072739754,0.8845599122599055,-0.40739776488740065,4.031128456348406,0.0,0.0,0.0,1.0
0.9822877298793249,-0.1873785557972654,-6.1113139806239055e-09,-3.0562192696158845e-09,-0.0781958208413558,-0.4099230870979283,-0.9087620806178756,5.2730682274566506e-08,0.17028251082634055,0.8926658639330175,-0.4173146577924804,4.031128900059647,0.0,0.0,0.0,1.0
0.9921149726386583,-0.12533041381646254,-2.2832712370360885e-09,4.233494937218997e-09,-0.053543805359008254,-0.4238525198590036,-0.9041471965993669,9.153180195586754e-08,0.11331714823240674,0.8970180303679379,-0.4272211330693086,4.03112885805511,0.0,0.0,0.0,1.0
0.9980268484087691,-0.06278766476376174,4.226285883510876e-11,-2.9663343997119664e-09,-0.027444857386823313,-0.43624338781152994,-0.8994100861332203,3.300502728759888e-08,0.056471863627270844,0.8976354570754377,-0.4371058386973958,4.031128932080308,0.0,0.0,0.0,1.0
0.9999999999916775,2.8848728185904433e-06,-3.456666781485974e-14,-2.085333221468642e-14,1.2894152247750244e-06,-0.44695741918824905,-0.8945551710541179,-4.216426516632451e-08,-2.580678154052437e-06,0.894555230651315,-0.4469574489942899,4.03112894049823,0.0,0.0,0.0,1.0
0.9980264821335038,0.06279341902148883,-8.252944283695477e-10,-7.392253929454402e-09,0.02868181988668876,-0.4558633416849853,-0.8895874636953259,-1.9645810478225738e-08,-0.0558602479915012,0.8878319979246118,-0.4567647491547779,4.0311289039728555,0.0,0.0,0.0,1.0
0.9921143612984569,0.1253361513937705,1.6453178193030278e-09,7.18190908325021e-09,0.05847143452780003,-0.4628381182027365,-0.8845123420912344,1.5936087536409004e-08,-0.11086136030733977,0.877537339825993,-0.4665168835256599,4.031128950143891,0.0,0.0,0.0,1.0
